dim 32
v 12.0 0 4
w 0.0 0 1
w 0.0 0 3
r 3.0 1 2
w 0.0 2 3
r 6.0 3 6
r 4.0 6 5
r 2.0 5 9
r 5.0 6 8
r 10.0 3 7
w 0.0 7 8
w 0.0 8 9
w 0.0 7 10
r 6.0 8 11
r 2.0 9 12
r 3.0 9 13
v 5.0 10 11
r 4.5 11 12
w 0.0 12 13
r 7.0 13 17
w 0.0 12 16
w 0.0 11 15
r 7.0 10 14
r 15.0 14 15
r 6.0 15 16
r 10.0 16 17
v 6.0 17 20
r 2.0 16 19
v 10.0 18 19
r 6.0 14 18
r 5.0 18 31
w 0.0 30 31
r 2.0 30 14
r 2.0 30 29
r 2.0 28 29
r 2.0 2 28
r 2.0 1 26
w 0.0 25 26
r 2.0 25 0
r 10.0 25 24
w 0.0 24 4
r 5.0 24 27
r 3.0 27 21
v 10.0 21 22
r 10.0 22 23
r 5.0 22 5
r 15.0 9 23
r 8.0 23 13
r 6.0 21 4
w 0.0 28 7
r 2.0 29 10